-500000.0 -1000000.0 0.0 0.0 0.0 0.0 0.0 0.0 0.0 0.0 0.0 0.0 
-388888.8888888889 -777777.7777777778 0.0 0.0 0.0 0.0 0.0 0.0 0.0 0.0 0.0 0.0 
-277777.77777777775 -555555.5555555555 0.0 0.0 0.0 0.0 0.0 0.0 0.0 0.0 0.0 0.0 
-166666.66666666663 -333333.33333333326 0.0 0.0 0.0 0.0 0.0 0.0 0.0 0.0 0.0 0.0 
-55555.55555555552 -111111.11111111104 0.0 0.0 0.0 0.0 0.0 0.0 0.0 0.0 0.0 0.0 
55555.55555555559 111111.11111111118 0.0 0.0 0.0 0.0 0.0 0.0 0.0 0.0 0.0 0.0 
166666.6666666667 333333.3333333334 0.0 0.0 0.0 0.0 0.0 0.0 0.0 0.0 0.0 0.0 
277777.7777777778 555555.5555555556 0.0 0.0 0.0 0.0 0.0 0.0 0.0 0.0 0.0 0.0 
388888.88888888893 777777.7777777779 0.0 0.0 0.0 0.0 0.0 0.0 0.0 0.0 0.0 0.0 
500000.00000000006 1000000.0000000001 0.0 0.0 0.0 0.0 0.0 0.0 0.0 0.0 0.0 0.0 
